200002	-69.88	0	2.355	-0.079	0	0.02	5	0.23	-0.04	7.8
200003	-26.695	0	-1.72	0.009	-0.6	0.02	5	0.23	-0.04	-25
200004	-90.04	0	-1.648	0.01	-0.6	0.02	5	0.23	-0.04	3.1
200005	-82.585	0	5.399	0.006	-0.4	0.02	5	0.23	-0.04	20.3
200006	88.49	1	1.044	0	-0.2	0.02	5	0.23	-0.04	-14.4
200007	-19.35	0	-2.628	0.034	0.1	0.02	5	0.23	-0.04	1.7
200008	-60.895	0	0.254	-0.001	0.1	0.02	5	0.23	-0.04	-7.9
200009	-85.405	0	2.843	-0.017	-0.1	0.02	5	0.23	-0.04	6.3
200010	-74.74	0	-2.895	0.128	-0.3	0.02	5.25	0.23	-0.04	23.9
200011	-9.405	0	-0.327	0.113	0.2	0.02	5.25	0.23	-0.04	75.3
200012	-15.65	0	1.659	0.088	0.5	0.02	5.25	0.23	-0.04	50.2
200101	39.365	1	-2.996	0.093	0.7	-0.01	5.25	0.41	0.41	-5.5
200102	31.7	1	-0.139	-0.008	0.4	-0.01	5	0.41	0.41	-8.2
200103	-47.785	0	2.92	-0.01	-0.4	-0.01	5	0.41	0.41	76.7
200104	-11.705	0	-2.378	-0.02	-1	-0.01	5	0.41	0.41	-7.8
200105	66.34	1	4.118	0.003	-0.4	-0.01	5	0.41	0.41	-37
200106	-0.7	0	-2.793	-0.003	-0.1	-0.01	5	0.41	0.41	14.8
200107	-45.415	0	-2.044	0.021	0	-0.01	4.75	0.41	0.41	2.5
200108	7.035	1	-1.307	-0.006	0	-0.01	4.5	0.41	0.41	-22
200109	-52.325	0	2.683	-0.337	-0.3	-0.01	4	0.41	0.41	31.6
200110	10.67	1	-1.734	-0.271	0	-0.01	4	0.41	0.41	-13.5
200111	86.53	1	0.879	-0.001	0.1	-0.01	4	0.41	0.41	-23.1
200112	65.345	1	-1.543	-0.001	0.3	-0.01	4	0.41	0.41	40.5
200201	65.105	1	0.133	-0.008	0.4	0.28	4	0.28	0.57	0.9
200202	33.725	1	0.846	0.002	0	0.28	4	0.28	0.57	9.4
200203	92.505	1	1.891	-0.004	-0.3	0.28	4	0.28	0.57	2.1
200204	21.115	1	-2.869	-0.017	-0.4	0.28	4	0.28	0.57	-31.9
200205	-49.55	0	3.109	-0.01	-0.3	0.28	4.25	0.28	0.57	-67.7
200206	-71.095	0	-0.709	-0.01	-0.2	0.28	4.25	0.28	0.57	-25
200207	-17.685	0	-2.235	0.002	0.1	0.28	4.25	0.28	0.57	-13.3
200208	-40.8	0	1.135	-0.001	0.2	0.28	4.25	0.28	0.57	13.9
200209	-9.63	0	0.01	0.021	-0.5	0.28	4.25	0.28	0.57	25.9
200210	-67.94	0	2.67	-0.039	0.1	0.28	4.25	0.28	0.57	-6.2
200211	54.845	1	-0.731	0.027	0.1	0.28	4.25	0.28	0.57	-12.8
200212	-8.765	0	-4.369	-0.058	0.2	0.28	4.25	0.28	0.57	-22.6
200301	-45.515	0	-0.22	-0.007	0.6	0.29	4.25	0.35	0.36	-116.1
200302	-39.645	0	0.653	-0.008	0.1	0.29	4.25	0.35	0.36	123.6
200303	-39.145	0	-2.276	-0.012	-0.1	0.29	4.25	0.35	0.36	60.9
200304	25.08	1	3.276	0.041	-0.2	0.29	4.25	0.35	0.36	-39.3
200305	33.525	1	2.978	-0.313	-0.1	0.29	4	0.35	0.36	-9.4
200306	51.555	1	1.904	0.021	0	0.29	4	0.35	0.36	87.1
200307	32.355	1	-4.199	-0.003	0.2	0.29	3.75	0.35	0.36	-113.3
200308	35.545	1	3.072	-0.004	-0.1	0.29	3.75	0.35	0.36	-1.5
200309	2.49	1	2.377	-0.001	-0.2	0.29	3.75	0.35	0.36	-28.1
200310	9.01	1	0.756	-0.009	0.1	0.29	3.75	0.35	0.36	33
200311	44.255	1	0.767	-0.009	0.1	0.29	3.75	0.35	0.36	19
200312	13.91	1	-2.322	-0.02	0.3	0.29	3.75	0.35	0.36	-9.5
200401	44.47	1	1.558	-0.162	0.2	0.37	3.75	0.36	0.16	-18.9
200402	18.985	1	-0.335	0.043	0.1	0.37	3.75	0.36	0.16	2.5
200403	3.755	1	-2.293	0.066	-0.1	0.37	3.75	0.36	0.16	-29.6
200404	30.595	1	-0.233	-0.017	-0.3	0.37	3.75	0.36	0.16	26.7
200405	-100.33	0	5.612	0.004	-0.2	0.37	3.75	0.36	0.16	-13.2
200406	-21.66	0	-2.523	0.04	-0.1	0.37	3.75	0.36	0.16	-4.6
200407	-19.695	0	1.802	-0.004	0.2	0.37	3.75	0.36	0.16	14.5
200408	9.25	1	-5.505	0.002	0	0.37	3.5	0.36	0.16	-17
200409	67.865	1	4.677	-0.005	-0.3	0.37	3.5	0.36	0.16	-1.2
200410	16.24	1	-1.791	-0.011	0.1	0.37	3.5	0.36	0.16	-32.2
200411	12.89	1	1.571	-0.002	0.1	0.37	3.25	0.36	0.16	-71.4
200412	5.585	1	-1.76	-0.01	0.3	0.37	3.25	0.36	0.16	-13.1
200501	33.035	1	3.712	-0.009	0.5	0.23	3.25	0.28	-0.02	-9.5
200502	64.91	1	-6.801	-0.006	0	0.23	3.25	0.28	-0.02	-19.6
200503	20.7	1	-0.793	-0.001	-0.2	0.23	3.25	0.28	-0.02	9.5
200504	-35.855	0	-3.55	-0.006	-0.3	0.23	3.25	0.28	-0.02	-12.7
200505	-8.445	0	5.627	-0.01	-0.2	0.23	3.25	0.28	-0.02	4.9
200506	45.9	1	1.789	-0.007	0	0.23	3.25	0.28	-0.02	17.7
200507	70.56	1	-2.437	-0.027	0.1	0.23	3.25	0.28	-0.02	1.4
200508	38.595	1	-3.918	-0.068	-0.1	0.23	3.25	0.28	-0.02	11.7
200509	68.93	1	4.493	-0.192	0	0.23	3.25	0.28	-0.02	2.6
200510	26.39	1	3.583	0.046	0	0.23	3.5	0.28	-0.02	-0.9
200511	41.275	1	-2.27	-0.169	-0.3	0.23	3.5	0.28	-0.02	-6.7
200512	102.965	1	-4.084	-0.007	0.2	0.23	3.75	0.28	-0.02	-21.9
200601	19.86	1	-2.385	0.441	0.3	-0.06	3.75	0.22	0.04	-47
200602	-6.96	0	-1.779	-0.086	0.3	-0.06	4	0.22	0.04	6.3
200603	-10.92	0	2.08	-0.533	-0.2	-0.06	4	0.22	0.04	0.7
200604	71.865	1	-2.777	0.117	-0.4	-0.06	4	0.22	0.04	-28.2
200605	-29.82	0	6.145	-0.069	-0.3	-0.06	4	0.22	0.04	2.2
200606	-124.515	0	1.496	-0.015	0.2	-0.06	4.25	0.22	0.04	3.3
200607	18.015	1	-5.013	0.009	0	-0.06	4.25	0.22	0.04	6.3
200608	45.81	1	-0.984	-0.06	0	-0.06	4.5	0.22	0.04	6.2
200609	32.05	1	7.179	0.068	-0.2	-0.06	4.5	0.22	0.04	-15.2
200610	-9.18	0	-0.023	0.083	0.1	-0.06	4.5	0.22	0.04	-3.9
200611	57.015	1	6.433	-0.018	-0.1	-0.06	4.5	0.22	0.04	-12.8
200612	9.99	1	-10.994	-0.043	0.1	-0.06	4.5	0.22	0.04	0.3
200701	-16.875	0	2.119	-0.143	0.3	-0.07	4.5	0.25	0.18	11.2
200702	24.145	1	-0.187	-0.56	0.1	-0.07	4.5	0.25	0.18	0.8
200703	1.225	1	-2.054	0.006	-0.2	-0.07	4.5	0.25	0.18	-0.9
200704	91.03	1	-3.952	-0.222	-0.1	-0.07	4.5	0.25	0.18	-10.1
200705	115.51	1	6.768	0.331	-0.2	-0.07	4.5	0.25	0.18	-3.1
200706	136.49	1	5.862	0.008	0	-0.07	4.5	0.25	0.18	-3.9
200707	115.26	1	-1.585	0.012	0.1	-0.07	4.75	0.25	0.18	-4.5
200708	-98.3	0	-1.454	0.152	-0.2	-0.07	5	0.25	0.18	19
200709	101.38	1	3.288	0.072	-0.1	-0.07	5	0.25	0.18	-23.2
200710	93.91	1	-3.495	0.143	0	-0.07	5	0.25	0.18	-14.4
200711	-57.69	0	0.714	0.023	0	-0.07	5	0.25	0.18	20.4
200712	-24.74	0	-8.193	-0.05	0.1	-0.07	5	0.25	0.18	15
200801	-158.93	0	-3.22	0.142	0.2	0.32	5	0.47	0.23	7.8
200802	-52.06	0	0.098	-0.009	0.2	0.32	5	0.47	0.23	-4.9
200803	-56.205	0	5.384	0.015	-0.1	0.32	5	0.47	0.23	51.4
200804	139.765	1	-4.298	-0.038	-0.2	0.32	5	0.47	0.23	12.2
200805	83.08	1	5.505	-0.002	-0.1	0.32	5	0.47	0.23	27.5
200806	-84.67	0	-1.658	0.093	0	0.32	5	0.47	0.23	15.9
200807	-176.495	0	-3.403	0.051	0	0.32	5	0.47	0.23	-33.8
200808	-53.215	0	-8.61	0.241	0	0.32	5.25	0.47	0.23	76.8
200809	-96.53	0	8.484	-0.083	-0.1	0.32	5.25	0.47	0.23	118
200810	-259.935	0	13.483	0.076	0	0.32	4.25	0.47	0.23	84
200811	-109.5	0	-8.088	-0.014	0	0.32	4	0.47	0.23	178
200812	33.15	1	-2.232	-0.007	0.3	0.32	3	0.47	0.23	-209.5
200901	58.07	1	-8.026	-0.059	0.3	-0.02	2.5	0.28	0.16	120
200902	-24.94	0	15.324	-0.072	0.3	-0.02	2	0.28	0.16	154.5
200903	-7.505	0	3.538	0.027	0.1	-0.02	2	0.28	0.16	-150.5
200904	165.07	1	0.979	-0.08	-0.2	-0.02	2	0.28	0.16	-101.5
200905	86.3	1	-1.751	-0.016	0	-0.02	2	0.28	0.16	-27
200906	17.97	1	5.58	-0.049	0	-0.02	2	0.28	0.16	18.9
200907	74.3	1	-3.966	-0.004	-0.1	-0.02	2	0.28	0.16	-45.4
200908	105.135	1	-8.197	-0.024	0	-0.02	2	0.28	0.16	20.4
200909	79.67	1	6.539	-0.144	-0.4	-0.02	2	0.28	0.16	-70.8
200910	-28.43	0	-0.701	-0.074	-0.1	-0.02	2	0.28	0.16	4.4
200911	-49.805	0	2.807	-0.073	0.1	-0.02	2	0.28	0.16	-19.7
200912	43.305	1	-8.279	-0.094	0.2	-0.02	2	0.28	0.16	1.7
201001	41.095	1	-6.507	-0.093	1.5	0.06	2	0.3	0.19	-2.7
201002	-69.06	0	2.896	-0.232	-0.2	0.06	2	0.3	0.19	-1.8
201003	67.025	1	3.27	-0.031	-0.7	0.06	2	0.3	0.19	-28.7
201004	69.26	1	1.063	-0.074	-0.4	0.06	2	0.3	0.19	-22.9
201005	-90.115	0	8.65	-0.167	-0.5	0.06	2	0.3	0.19	94.1
201006	43.61	1	3.089	-0.058	0.3	0.06	2	0.3	0.19	19.7
201007	34.485	1	-2.409	-0.057	0.2	0.06	2.25	0.3	0.19	-39.5
201008	42.63	1	-10.017	0.024	-0.4	0.06	2.25	0.3	0.19	15.4
201009	53.905	1	7.214	-0.017	0.1	0.06	2.25	0.3	0.19	-57.9
201010	69.8	1	5.559	-0.066	-0.1	0.06	2.25	0.3	0.19	-14.9
201011	45.055	1	-10.676	-0.158	-0.3	0.06	2.5	0.3	0.19	34.4
201012	52.94	1	-0.639	-0.021	0.5	0.06	2.5	0.3	0.19	-24.9
201101	109.105	1	-4.825	0.225	0.3	0.06	2.75	0.4	0.4	-13.3
201102	-66.065	0	2.702	-0.171	0.7	0.06	2.75	0.4	0.4	7.2
201103	-27.465	0	0.92	-0.054	-0.2	0.06	3	0.4	0.4	-32
201104	162.31	1	1.637	-0.075	-0.6	0.06	3	0.4	0.4	-25.2
201105	-26.84	0	-0.188	-0.032	-0.5	0.06	3	0.4	0.4	7.7
201106	-48.99	0	0.127	0.052	0.1	0.06	3.25	0.4	0.4	-11.5
201107	68.14	1	6.615	-0.117	0	0.06	3.25	0.4	0.4	-13.2
201108	-220.055	0	-11.297	0.001	-0.3	0.06	3.25	0.4	0.4	12.3
201109	-142.725	0	5.708	-0.033	0	0.06	3.25	0.4	0.4	111.3
201110	24.645	1	5.037	-0.022	-0.1	0.06	3.25	0.4	0.4	-68.1
201111	38.94	1	-0.753	-0.012	0	0.06	3.25	0.4	0.4	33
201112	-9.95	0	-3.856	-0.02	0.1	0.06	3.25	0.4	0.4	8
201201	52.025	1	-11.253	-0.637	0.5	0.21	3.25	0.22	0.42	-28
201202	105.53	1	5.595	-0.096	0.7	0.21	3.25	0.22	0.42	-5
201203	14.54	1	6.104	-0.058	-0.5	0.21	3.25	0.22	0.42	15
201204	-9.08	0	-0.948	-0.038	-0.2	0.21	3.25	0.22	0.42	-3
201205	-112.615	0	3.582	0.003	-0.4	0.21	3.25	0.22	0.42	50
201206	-47.77	0	7.434	-0.01	0.1	0.21	3.25	0.22	0.42	-35
201207	-14.61	0	-1.868	-0.06	-0.1	0.21	3	0.22	0.42	-15
201208	76.06	1	-9.502	-0.055	-0.1	0.21	3	0.22	0.42	4
201209	39.145	1	8.042	-0.019	-0.1	0.21	3	0.22	0.42	-22.6
201210	3.19	1	1.391	-0.016	-0.1	0.21	2.75	0.22	0.42	-20.7
201211	-46.98	0	3.093	-0.049	0	0.21	2.75	0.22	0.42	-7.8
201212	67.76	1	-13.001	0.007	0.1	0.21	2.75	0.22	0.42	-12.3
201301	19.34	1	0.031	-0.026	0.5	0.16	2.75	0.13	0.27	18.4
201302	-6.625	0	0.29	-0.08	0.5	0.16	2.75	0.13	0.27	-6
201303	10.17	1	10.651	-0.029	-0.4	0.16	2.75	0.13	0.27	28
201304	-40.745	0	-4.289	0.082	-0.3	0.16	2.75	0.13	0.27	-10
201305	25.205	1	12.51	-0.016	-0.2	0.16	2.5	0.13	0.27	28.7
201306	-88.885	0	-5.465	-0.11	0.1	0.16	2.5	0.13	0.27	12.3
201307	-20.385	0	-3.134	-0.149	0	0.16	2.5	0.13	0.27	-18.5
201308	23.74	1	1.119	0.011	-0.1	0.16	2.5	0.13	0.27	-13.5
201309	80.615	1	1.749	0.182	-0.3	0.16	2.5	0.13	0.27	-35.3
201310	52.73	1	7.136	-0.065	0	0.16	2.5	0.13	0.27	-14
201311	-15.185	0	-9.836	-0.02	-0.1	0.16	2.5	0.13	0.27	-2.5
201312	-6.9	0	-0.435	0	0.4	0.16	2.5	0.13	0.27	-2.8
201401	-43.335	0	-12.27	-0.076	0.4	0.19	2.5	0.13	0.23	15
201402	-23.485	0	6.228	-0.03	1.1	0.19	2.5	0.13	0.23	-2.9
201403	18.38	1	5.352	0.035	-0.6	0.19	2.5	0.13	0.23	-2.8
201404	32.4	1	2.322	-0.026	-0.1	0.19	2.5	0.13	0.23	-31.5
201405	-5.465	0	4.888	0.026	-0.3	0.19	2.5	0.13	0.23	-13.1
201406	12.295	1	-2.212	-0.043	0	0.19	2.5	0.13	0.23	-8.3
201407	48.355	1	-6.598	-0.026	-0.1	0.19	2.5	0.13	0.23	16.1
201408	18.405	1	2.717	-0.063	-0.1	0.19	2.25	0.13	0.23	-13.9
201409	-17.765	0	1.214	0.112	-0.2	0.19	2.25	0.13	0.23	41.2
201410	-84.94	0	6.552	-0.013	0.1	0.19	2	0.13	0.23	13.3
201411	3.93	1	1.756	-0.011	-0.2	0.19	2	0.13	0.23	39.4
201412	-23.05	0	-7.314	-0.008	0.3	0.19	2	0.13	0.23	-8.6
201501	-15.685	0	0.435	-0.042	0.4	0.05	2	0.07	0.25	-5.8
201502	42.89	1	0.192	-0.13	0.8	0.05	2	0.07	0.25	4.9
201503	45.04	1	8.012	-0.017	-0.5	0.05	1.75	0.07	0.25	11.1
201504	98.96	1	-5.226	-0.073	-0.1	0.05	1.75	0.07	0.25	-37.1
201505	1.255	1	-0.312	-0.087	-0.2	0.05	1.75	0.07	0.25	35.8
201506	-48.675	0	10.519	-0.016	0.1	0.05	1.5	0.07	0.25	7.3
201507	-12.375	0	-7.379	-0.153	-0.2	0.05	1.5	0.07	0.25	54.5
201508	-127.715	0	-4.948	-0.299	-0.2	0.05	1.5	0.07	0.25	12.5
201509	12.895	1	9.566	0.015	-0.2	0.05	1.5	0.07	0.25	2.8
201510	79.2	1	-4.577	0.022	-0.1	0.05	1.5	0.07	0.25	-45.2
201511	-12.19	0	4.178	-0.054	-0.1	0.05	1.5	0.07	0.25	18
201512	-26.71	0	-6.796	0.188	0.2	0.05	1.5	0.07	0.25	14.4
201601	-80.485	0	-3.569	0.002	0.5	-0.01	1.5	0.1	0.19	26.6
201602	-18.54	0	3.411	-0.026	1.2	-0.01	1.5	0.1	0.19	37.6
201603	98.575	1	9.531	-0.023	-0.7	-0.01	1.5	0.1	0.19	-93.2
201604	16.615	1	-15.125	-0.032	-0.3	-0.01	1.5	0.1	0.19	-4.2
201605	-24.185	0	10.65	-0.05	-0.3	-0.01	1.5	0.1	0.19	52.4
201606	-0.745	0	7.888	0.01	0	-0.01	1.25	0.1	0.19	-39.9
201607	23.5	1	-10.654	-0.03	-0.1	-0.01	1.25	0.1	0.19	-31.6
201608	40.535	1	-8.812	0.058	0.1	-0.01	1.25	0.1	0.19	-5.4
201609	4.635	1	6.795	0.172	-0.1	-0.01	1.25	0.1	0.19	-13.5
201610	3.68	1	-0.891	-0.091	-0.2	-0.01	1.25	0.1	0.19	43.2
201611	-63.21	0	1.907	-0.063	-0.2	-0.01	1.25	0.1	0.19	24.6
201612	33.905	1	-3.556	-0.35	0.1	-0.01	1.25	0.1	0.19	38.6
201701	46.295	1	-7.486	-0.037	0.5	0.13	1.25	0.19	0.16	-45.6
201702	27.29	1	10.115	0.401	1.2	0.13	1.25	0.19	0.16	-31.4
201703	44.41	1	-5.826	-0.02	-0.8	0.13	1.25	0.19	0.16	-12.3
201704	42.38	1	2.723	-0.017	0.1	0.13	1.25	0.19	0.16	19.5
201705	124.84	1	-2.902	-0.262	-0.6	0.13	1.25	0.19	0.16	-18.4
201706	76.945	1	7.278	-0.02	0.2	0.13	1.25	0.19	0.16	24.6
201707	43.785	1	0.123	-0.321	-0.4	0.13	1.25	0.19	0.16	-25.1
201708	-40.665	0	-6.102	0.153	0.2	0.13	1.25	0.19	0.16	8.8
201709	-0.62	0	19.373	-0.218	-0.3	0.13	1.25	0.19	0.16	17.6
201710	102.995	1	-19.628	-0.012	-0.1	0.13	1.25	0.19	0.16	-25
201711	43.245	1	4.184	-0.074	-0.1	0.13	1.5	0.19	0.16	-32.2
201712	-54.91	0	-8.855	0.388	0.2	0.13	1.5	0.19	0.16	-17.7

