200001	971	227	 5.70 	17.5	-7.9	4.75	0.23	-0.04	1123.2
200002	901.12	2582	 5.70 	17.5	0.9	5	0.23	-0.04	1131
200003	874.425	862	 5.10 	17.5	1	5	0.23	-0.04	1106
200004	784.385	-786	 4.50 	17.5	0.6	5	0.23	-0.04	1109.1
200005	701.8	4613	 4.10 	17.5	0	5	0.23	-0.04	1129.4
200006	790.29	5657	 3.90 	17.5	3.4	5	0.23	-0.04	1115
200007	770.94	3029	 4.00 	17.5	-0.1	5	0.23	-0.04	1116.7
200008	710.045	3283	 4.10 	17.5	-1.7	5	0.23	-0.04	1108.8
200009	624.64	6126	 4.00 	17.5	12.8	5	0.23	-0.04	1115.1
200010	549.9	3231	 3.70 	17.5	11.3	5.25	0.23	-0.04	1139
200011	540.495	2904	 3.90 	17.5	8.8	5.25	0.23	-0.04	1214.3
200012	524.845	4563	 4.40 	17.5	9.3	5.25	0.23	-0.04	1264.5
200101	564.21	1567	 5.10 	17.7	-0.8	5.25	0.41	0.41	1259
200102	595.91	1428	 5.50 	17.7	-1	5	0.41	0.41	1250.8
200103	548.125	4348	 5.10 	17.7	-2	5	0.41	0.41	1327.5
200104	536.42	1970	 4.10 	17.7	0.3	5	0.41	0.41	1319.7
200105	602.76	6088	 3.70 	17.7	-0.3	5	0.41	0.41	1282.7
200106	602.06	3295	 3.60 	17.7	2.1	5	0.41	0.41	1297.5
200107	556.645	1251	 3.60 	17.7	-0.6	4.75	0.41	0.41	1300
200108	563.68	-56	 3.60 	17.7	-33.7	4.5	0.41	0.41	1278
200109	511.355	2627	 3.30 	17.7	-27.1	4	0.41	0.41	1309.6
200110	522.025	893	 3.30 	17.7	-0.1	4	0.41	0.41	1296.1
200111	608.555	1772	 3.40 	17.7	-0.1	4	0.41	0.41	1273
200112	673.9	229	 3.70 	17.7	-0.8	4	0.41	0.41	1313.5
200201	739.005	362	 4.10 	17.6	0.2	4	0.28	0.57	1314.4
200202	772.73	1208	 4.10 	17.6	-0.4	4	0.28	0.57	1323.8
200203	865.235	3099	 3.80 	17.6	-1.7	4	0.28	0.57	1325.9
200204	886.35	230	 3.40 	17.6	-1	4	0.28	0.57	1294
200205	836.8	3339	 3.10 	17.6	-1	4.25	0.28	0.57	1226.3
200206	765.705	2630	 2.90 	17.6	0.2	4.25	0.28	0.57	1201.3
200207	748.02	395	 3.00 	17.6	-0.1	4.25	0.28	0.57	1188
200208	707.22	1530	 3.20 	17.6	2.1	4.25	0.28	0.57	1201.9
200209	697.59	1540	 2.70 	17.6	-3.9	4.25	0.28	0.57	1227.8
200210	629.65	4210	 2.80 	17.6	2.7	4.25	0.28	0.57	1221.6
200211	684.495	3479	 2.90 	17.6	-5.8	4.25	0.28	0.57	1208.8
200212	675.73	-890	 3.10 	17.6	-0.7	4.25	0.28	0.57	1186.2
200301	630.215	-1110	 3.70 	20.4	-0.8	4.25	0.35	0.36	1070.1
200302	590.57	-457	 3.80 	20.4	-1.2	4.25	0.35	0.36	1193.7
200303	551.425	-2733	 3.70 	20.4	4.1	4.25	0.35	0.36	1254.6
200304	576.505	543	 3.50 	20.4	-31.3	4.25	0.35	0.36	1215.3
200305	610.03	3521	 3.40 	20.4	2.1	4	0.35	0.36	1205.9
200306	661.585	5425	 3.40 	20.4	-0.3	4	0.35	0.36	1293
200307	693.94	1226	 3.60 	20.4	-0.4	3.75	0.35	0.36	1179.7
200308	729.485	4298	 3.50 	20.4	-0.1	3.75	0.35	0.36	1178.2
200309	731.975	6675	 3.30 	20.4	-0.9	3.75	0.35	0.36	1150.1
200310	740.985	7431	 3.40 	20.4	-0.9	3.75	0.35	0.36	1183.1
200311	785.24	8198	 3.50 	20.4	-2	3.75	0.35	0.36	1202.1
200312	799.15	5876	 3.80 	20.4	-16.2	3.75	0.35	0.36	1192.6
200401	843.62	7434	 4.00 	23.3	4.3	3.75	0.36	0.16	1173.7
200402	862.605	7099	 4.10 	23.3	6.6	3.75	0.36	0.16	1176.2
200403	866.36	4806	 4.00 	23.3	-1.7	3.75	0.36	0.16	1146.6
200404	896.955	4573	 3.70 	23.3	0.4	3.75	0.36	0.16	1173.3
200405	796.625	10185	 3.50 	23.3	4	3.75	0.36	0.16	1160.1
200406	774.965	7662	 3.40 	23.3	-0.4	3.75	0.36	0.16	1155.5
200407	755.27	9464	 3.60 	23.3	0.2	3.75	0.36	0.16	1170
200408	764.52	3959	 3.60 	23.3	-0.5	3.5	0.36	0.16	1153
200409	832.385	8636	 3.30 	23.3	-1.1	3.5	0.36	0.16	1151.8
200410	848.625	6845	 3.40 	23.3	-0.2	3.5	0.36	0.16	1119.6
200411	861.515	8416	 3.50 	23.3	-1	3.25	0.36	0.16	1048.2
200412	867.1	6656	 3.80 	23.3	-0.9	3.25	0.36	0.16	1035.1
200501	900.135	10368	 4.30 	27	-0.6	3.25	0.28	-0.02	1025.6
200502	965.045	3567	 4.30 	27	-0.1	3.25	0.28	-0.02	1006
200503	985.745	2774	 4.10 	27	-0.6	3.25	0.28	-0.02	1015.5
200504	949.89	-776	 3.80 	27	-1	3.25	0.28	-0.02	1002.8
200505	941.445	4851	 3.60 	27	-0.7	3.25	0.28	-0.02	1007.7
200506	987.345	6640	 3.60 	27	-2.7	3.25	0.28	-0.02	1025.4
200507	1057.905	4203	 3.70 	27	-6.8	3.25	0.28	-0.02	1026.8
200508	1096.5	285	 3.60 	27	-19.2	3.25	0.28	-0.02	1038.5
200509	1165.43	4778	 3.60 	27	4.6	3.25	0.28	-0.02	1041.1
200510	1191.82	8361	 3.60 	27	-16.9	3.5	0.28	-0.02	1040.2
200511	1233.095	6091	 3.30 	27	-0.7	3.5	0.28	-0.02	1033.5
200512	1336.06	2007	 3.50 	27	44.1	3.75	0.28	-0.02	1011.6
200601	1355.92	-378	 3.80 	29.3	-8.6	3.75	0.22	0.04	964.6
200602	1348.96	-2157	 4.10 	29.3	-53.3	4	0.22	0.04	970.9
200603	1338.04	-77	 3.90 	29.3	11.7	4	0.22	0.04	971.6
200604	1409.905	-2854	 3.50 	29.3	-6.9	4	0.22	0.04	943.4
200605	1380.085	3291	 3.20 	29.3	-1.5	4	0.22	0.04	945.6
200606	1255.57	4787	 3.40 	29.3	0.9	4.25	0.22	0.04	948.9
200607	1273.585	-226	 3.40 	29.3	-6	4.25	0.22	0.04	955.2
200608	1319.395	-1210	 3.40 	29.3	6.8	4.5	0.22	0.04	961.4
200609	1351.445	5969	 3.20 	29.3	8.3	4.5	0.22	0.04	946.2
200610	1342.265	5946	 3.30 	29.3	-1.8	4.5	0.22	0.04	942.3
200611	1399.28	12379	 3.20 	29.3	-4.3	4.5	0.22	0.04	929.5
200612	1409.27	1385	 3.30 	29.3	-14.3	4.5	0.22	0.04	929.8
200701	1392.395	3504	 3.60 	28.7	-56	4.5	0.25	0.18	941
200702	1416.54	3317	 3.70 	28.7	0.6	4.5	0.25	0.18	941.8
200703	1417.765	1263	 3.50 	28.7	-22.2	4.5	0.25	0.18	940.9
200704	1508.795	-2689	 3.40 	28.7	33.1	4.5	0.25	0.18	930.8
200705	1624.305	4079	 3.20 	28.7	0.8	4.5	0.25	0.18	927.7
200706	1760.795	9941	 3.20 	28.7	1.2	4.5	0.25	0.18	923.8
200707	1876.055	8356	 3.30 	28.7	15.2	4.75	0.25	0.18	919.3
200708	1777.755	6902	 3.10 	28.7	7.2	5	0.25	0.18	938.3
200709	1879.135	10190	 3.00 	28.7	14.3	5	0.25	0.18	915.1
200710	1973.045	6695	 3.00 	28.7	2.3	5	0.25	0.18	900.7
200711	1915.355	7409	 3.00 	28.7	-5	5	0.25	0.18	921.1
200712	1890.615	-784	 3.10 	28.7	14.2	5	0.25	0.18	936.1
200801	1731.685	-4004	 3.30 	28	-0.9	5	0.47	0.23	943.9
200802	1679.625	-3906	 3.50 	28	1.5	5	0.47	0.23	939
200803	1623.42	1478	 3.40 	28	-3.8	5	0.47	0.23	990.4
200804	1763.185	-2820	 3.20 	28	-0.2	5	0.47	0.23	1002.6
200805	1846.265	2685	 3.10 	28	9.3	5	0.47	0.23	1030.1
200806	1761.595	1027	 3.10 	28	5.1	5	0.47	0.23	1046
200807	1585.1	-2376	 3.10 	28	24.1	5	0.47	0.23	1012.2
200808	1531.885	-10986	 3.10 	28	-8.3	5.25	0.47	0.23	1089
200809	1435.355	-2502	 3.00 	28	7.6	5.25	0.47	0.23	1207
200810	1175.42	10981	 3.00 	28	-1.4	4.25	0.47	0.23	1291
200811	1065.92	2893	 3.00 	28	-0.7	4	0.47	0.23	1469
200812	1099.07	661	 3.30 	28	-5.9	3	0.47	0.23	1259.5
200901	1157.14	-7365	 3.60 	31.2	-7.2	2.5	0.28	0.16	1379.5
200902	1132.2	7959	 3.90 	31.2	2.7	2	0.28	0.16	1534
200903	1124.695	11497	 4.00 	31.2	-8	2	0.28	0.16	1383.5
200904	1289.765	12476	 3.80 	31.2	-1.6	2	0.28	0.16	1282
200905	1376.065	10725	 3.80 	31.2	-4.9	2	0.28	0.16	1255
200906	1394.035	16305	 3.80 	31.2	-0.4	2	0.28	0.16	1273.9
200907	1468.335	12339	 3.70 	31.2	-2.4	2	0.28	0.16	1228.5
200908	1573.47	4142	 3.70 	31.2	-14.4	2	0.28	0.16	1248.9
200909	1653.14	10681	 3.30 	31.2	-7.4	2	0.28	0.16	1178.1
200910	1624.71	9980	 3.20 	31.2	-7.3	2	0.28	0.16	1182.5
200911	1574.905	12787	 3.30 	31.2	-9.4	2	0.28	0.16	1162.8
200912	1618.21	4508	 3.50 	31.2	-9.3	2	0.28	0.16	1164.5
201001	1659.305	-1999	 5.00 	31	-23.2	2	0.3	0.19	1161.8
201002	1590.245	897	 4.80 	31	-3.1	2	0.3	0.19	1160
201003	1657.27	4167	 4.10 	31	-7.4	2	0.3	0.19	1131.3
201004	1726.53	5230	 3.70 	31	-16.7	2	0.3	0.19	1108.4
201005	1636.415	13880	 3.20 	31	-5.8	2	0.3	0.19	1202.5
201006	1680.025	16969	 3.50 	31	-5.7	2	0.3	0.19	1222.2
201007	1714.51	14560	 3.70 	31	2.4	2.25	0.3	0.19	1182.7
201008	1757.14	4543	 3.30 	31	-1.7	2.25	0.3	0.19	1198.1
201009	1811.045	11757	 3.40 	31	-6.6	2.25	0.3	0.19	1140.2
201010	1880.845	17316	 3.30 	31	-15.8	2.25	0.3	0.19	1125.3
201011	1925.9	6640	 3.00 	31	-2.1	2.5	0.3	0.19	1159.7
201012	1978.84	6001	 3.50 	31	22.5	2.5	0.3	0.19	1134.8
201101	2087.945	1176	 3.80 	31.6	-17.1	2.75	0.4	0.4	1121.5
201102	2021.88	3878	 4.50 	31.6	-5.4	2.75	0.4	0.4	1128.7
201103	1994.415	4798	 4.30 	31.6	-7.5	3	0.4	0.4	1096.7
201104	2156.725	6435	 3.70 	31.6	-3.2	3	0.4	0.4	1071.5
201105	2129.885	6247	 3.20 	31.6	5.2	3	0.4	0.4	1079.2
201106	2080.895	6374	 3.30 	31.6	-11.7	3.25	0.4	0.4	1067.7
201107	2149.035	12989	 3.30 	31.6	0.1	3.25	0.4	0.4	1054.5
201108	1928.98	1692	 3.00 	31.6	-3.3	3.25	0.4	0.4	1066.8
201109	1786.255	7400	 3.00 	31.6	-2.2	3.25	0.4	0.4	1178.1
201110	1810.9	12437	 2.90 	31.6	-1.2	3.25	0.4	0.4	1110
201111	1849.84	11684	 2.90 	31.6	-2	3.25	0.4	0.4	1143
201112	1839.89	7828	 3.00 	31.6	-63.7	3.25	0.4	0.4	1151
201201	1891.915	-3425	 3.50 	32.2	-9.6	3.25	0.22	0.42	1123
201202	1997.445	2170	 4.20 	32.2	-5.8	3.25	0.22	0.42	1118
201203	2011.985	8274	 3.70 	32.2	-3.8	3.25	0.22	0.42	1133
201204	2002.905	7326	 3.50 	32.2	0.3	3.25	0.22	0.42	1130
201205	1890.29	10908	 3.10 	32.2	-1	3.25	0.22	0.42	1180
201206	1842.52	18342	 3.20 	32.2	-6	3.25	0.22	0.42	1145
201207	1827.91	16474	 3.10 	32.2	-5.5	3	0.22	0.42	1130
201208	1903.97	6972	 3.00 	32.2	-1.9	3	0.22	0.42	1134
201209	1943.115	15014	 2.90 	32.2	-1.6	3	0.22	0.42	1111.4
201210	1946.305	16405	 2.80 	32.2	-4.9	2.75	0.22	0.42	1090.7
201211	1899.325	19498	 2.80 	32.2	0.7	2.75	0.22	0.42	1082.9
201212	1967.085	6497	 2.90 	32.2	-2.6	2.75	0.22	0.42	1070.6
201301	1986.425	6528	 3.40 	34.3	-8	2.75	0.13	0.27	1089
201302	1979.8	6818	 3.90 	34.3	-2.9	2.75	0.13	0.27	1083
201303	1989.97	17469	 3.50 	34.3	8.2	2.75	0.13	0.27	1111
201304	1949.225	13180	 3.20 	34.3	-1.6	2.75	0.13	0.27	1101
201305	1974.43	25690	 3.00 	34.3	-11	2.5	0.13	0.27	1129.7
201306	1885.545	20225	 3.10 	34.3	-14.9	2.5	0.13	0.27	1142
201307	1865.16	17091	 3.10 	34.3	1.1	2.5	0.13	0.27	1123.5
201308	1888.9	18210	 3.00 	34.3	18.2	2.5	0.13	0.27	1110
201309	1969.515	19959	 2.70 	34.3	-6.5	2.5	0.13	0.27	1074.7
201310	2022.245	27095	 2.70 	34.3	-2	2.5	0.13	0.27	1060.7
201311	2007.06	17259	 2.60 	34.3	0	2.5	0.13	0.27	1058.2
201312	2000.16	16824	 3.00 	34.3	-7.6	2.5	0.13	0.27	1055.4
201401	1956.825	4554	 3.40 	35.9	-3	2.5	0.13	0.23	1070.4
201402	1933.34	10782	 4.50 	35.9	3.5	2.5	0.13	0.23	1067.5
201403	1951.72	16134	 3.90 	35.9	-2.6	2.5	0.13	0.23	1064.7
201404	1984.12	18456	 3.80 	35.9	2.6	2.5	0.13	0.23	1033.2
201405	1978.655	23344	 3.50 	35.9	-4.3	2.5	0.13	0.23	1020.1
201406	1990.95	21132	 3.50 	35.9	-2.6	2.5	0.13	0.23	1011.8
201407	2039.305	14534	 3.40 	35.9	-6.3	2.5	0.13	0.23	1027.9
201408	2057.71	17251	 3.30 	35.9	11.2	2.25	0.13	0.23	1014
201409	2039.945	18465	 3.10 	35.9	-1.3	2.25	0.13	0.23	1055.2
201410	1955.005	25017	 3.20 	35.9	-1.1	2	0.13	0.23	1068.5
201411	1958.935	26773	 3.00 	35.9	-0.8	2	0.13	0.23	1107.9
201412	1935.885	19459	 3.30 	35.9	-4.2	2	0.13	0.23	1099.3
201501	1920.2	19894	 3.70 	37.8	-13	2	0.07	0.25	1093.5
201502	1963.09	20086	 4.50 	37.8	-1.7	2	0.07	0.25	1098.4
201503	2008.13	28098	 4.00 	37.8	-7.3	1.75	0.07	0.25	1109.5
201504	2107.09	22872	 3.90 	37.8	-8.7	1.75	0.07	0.25	1072.4
201505	2108.345	22560	 3.70 	37.8	-1.6	1.75	0.07	0.25	1108.2
201506	2059.67	33079	 3.80 	37.8	-15.3	1.5	0.07	0.25	1115.5
201507	2047.295	25700	 3.60 	37.8	-29.9	1.5	0.07	0.25	1170
201508	1919.58	20752	 3.40 	37.8	1.5	1.5	0.07	0.25	1182.5
201509	1932.475	30318	 3.20 	37.8	2.2	1.5	0.07	0.25	1185.3
201510	2011.675	25741	 3.10 	37.8	-5.4	1.5	0.07	0.25	1140.1
201511	1999.485	29919	 3.00 	37.8	18.8	1.5	0.07	0.25	1158.1
201512	1972.775	23123	 3.20 	37.8	0.2	1.5	0.07	0.25	1172.5
201601	1892.29	19554	 3.70 	38.3	-2.6	1.5	0.1	0.19	1199.1
201602	1873.75	22965	 4.90 	38.3	-2.3	1.5	0.1	0.19	1236.7
201603	1972.325	32496	 4.20 	38.3	-3.2	1.5	0.1	0.19	1143.5
201604	1988.94	17371	 3.90 	38.3	-5	1.5	0.1	0.19	1139.3
201605	1964.755	28021	 3.60 	38.3	1	1.5	0.1	0.19	1191.7
201606	1964.01	35909	 3.60 	38.3	-3	1.25	0.1	0.19	1151.8
201607	1987.51	25255	 3.50 	38.3	5.8	1.25	0.1	0.19	1120.2
201608	2028.045	16443	 3.60 	38.3	17.2	1.25	0.1	0.19	1114.8
201609	2032.68	23238	 3.50 	38.3	-9.1	1.25	0.1	0.19	1101.3
201610	2036.36	22347	 3.30 	38.3	-6.3	1.25	0.1	0.19	1144.5
201611	1973.15	24254	 3.10 	38.3	-35	1.25	0.1	0.19	1169.1
201612	2007.055	20698	 3.20 	38.3	-3.7	1.25	0.1	0.19	1207.7
201701	2053.35	13212	 3.70 	38.2	40.1	1.25	0.19	0.16	1162.1
201702	2080.64	23327	 4.90 	38.2	-2	1.25	0.19	0.16	1130.7
201703	2125.05	17501	 4.10 	38.2	-1.7	1.25	0.19	0.16	1118.4
201704	2167.43	20224	 4.20 	38.2	-26.2	1.25	0.19	0.16	1137.9
201705	2292.27	17322	 3.60 	38.2	-2	1.25	0.19	0.16	1119.5
201706	2369.215	24600	 3.80 	38.2	-32.1	1.25	0.19	0.16	1144.1
201707	2413	24723	 3.40 	38.2	15.3	1.25	0.19	0.16	1119
201708	2372.335	18621	 3.60 	38.2	-21.8	1.25	0.19	0.16	1127.8
201709	2371.715	37994	 3.30 	38.2	-1.2	1.25	0.19	0.16	1145.4
201710	2474.71	18366	 3.20 	38.2	-7.4	1.25	0.19	0.16	1120.4
201711	2517.955	22550	 3.10 	38.2	38.8	1.5	0.19	0.16	1088.2
201712	2463.045	13695	 3.30 	38.2	-31.1	1.5	0.19	0.16	1070.5
